0 0 0
0.1 0.691082 1.07214
0.3 1.93901 11.1035
0.4 2.56647 16.5195
0.5 3.01687 21.2405
0.6 3.30504 24.8315
0.7 3.85052 33.0959
0.9 4.81335 51.1351
1 4.99685 57.4958
1.2 6.15997 85.3686
1.3 6.6655 101.26
1.5 7.30182 111.63
1.6 7.94808 133.782
1.8 9.05529 192.025
2 9.47098 215.422
2.2 10.2708 235.478
2.4 11.1201 260.235
2.6 11.9767 303.003
2.9 13.5933 405.234
3.1 14.5484 473.098
3.4 15.519 535.031
3.6 16.1239 560.613
3.9 16.8978 599.201
4.2 18.0412 706.576
4.5 19.5559 820.407
4.8 20.6451 936.676
5.2 22.8097 1169.79
5.5 24.8448 1379.39
5.9 26.2116 1555.46
6.3 28.1298 1783.65
6.7 30.3843 2038.21
7.1 32.2322 2375.14
7.6 34.884 2779.28
8.1 36.4335 2953.93
8.6 38.5639 3459.93
9.1 40.2968 3709.58
9.6 40.5215 3714.03
10.2 43.4393 4049.74
10.8 44.69 4130.96
11.5 46.6863 4348.67
12.1 50.1019 4940.57
12.8 53.4408 5617.62
13.6 58.1371 7122.8
14.3 58.45 7395.62
15.2 61.7834 8341.26
16 63.788 8598.1
16.9 65.5829 8856.06
17.9 67.067 9307.67
18.9 71.5897 10720.8
19.9 76.3316 12664.2
21 79.355 14332.3
22.1 86.1356 16897.6
23.3 90.4704 19556.5
24.6 97.7466 21998.9
25.9 103.794 24806.2
27.3 108.903 28397.6
28.8 114.596 31077.3
30.3 120.168 34036.1
31.9 126.31 35551
33.6 131.273 37897.3
35.4 141.586 43608.7
37.3 151.331 49112.4
39.2 160.734 56791.2
41.3 166.277 60750.3
43.5 176.469 69249
45.7 184.357 76468.4
48.1 194.83 84599.8
50.6 205.258 94961.3
53.2 217.147 109076
56 227.134 119686
58.9 234.658 123578
61.9 249.916 137280
65.1 264.093 153799
68.5 277.58 169538
72 286.198 183588
75.7 304.188 207636
79.6 322.24 231237
83.7 330.496 244157
88 351.936 266558
92.5 366.558 278211
97.2 386.692 299003
102.1 400.706 326215
107.3 419.535 362132
112.8 453.731 414198
118.5 470.776 424295
124.6 493.206 466123
130.9 520.578 523092
137.5 558.6 606846
144.5 594.701 724343
151.8 618.641 785905
159.5 648.662 857325
167.6 667.457 911977
176.1 702.086 980424
185 711.783 1.05032e+06
194.3 749.307 1.16268e+06
204.1 778.634 1.26946e+06
